
    Values                        | Z-Scores
    ------------------------------+------------------------------
    V: 0.6186204763377668         | -3.0665303124015844           
    StrT: 1.369047619047619       | -2.9324407997321207           
    UTurn: 4.69                   | -2.7473739358662588           
    SteL: 0.425531914893617       | -3.3029118192045446           
    SPARC: -3.9576427670271035    | 0.24837363805231855           
    LDLJAcc: -9.130064690017361   | -3.020479274859389            
    CVStrT: 5.3883863070801565    | -3.1567564610968017           
    CVdsT: 6.022773431915917      | -0.1894182888108574           
    P1_aCC: 0.4796471318805023    | -3.4681191798980766           
    P2_aCC: 0.5810268481962402    | -2.4730987782953573           
    ML_RMS: 1.2244542149973243    | 0.18048843832756942           
    P1P2: 0.9511262737796911      | -0.2187991353630795           
    MSwTR: 0.7357083678541839     | -7.635671494719778            
    AP_iHR: 55.36148606529591     | -18.823489111629566           
    ML_iHR: 61.2877037497611      | -10.83229319979211            
    CC_iHR: 70.36830081957649     | -2.5953063346314633           
    dstT: 26.698401508982013      | -0.9920771436701219           
    
