
    Values                        | Z-Scores
    ------------------------------+------------------------------
    V: 1.2484394506866416         | 0.15639771454672358           
    StrT: 1.0856521739130434      | 0.10930720108288675           
    UTurn: 2.65                   | -0.03537187561082043          
    SteL: 0.6896551724137931      | 0.08922043511032356           
    SteL: 0.6896551724137931      | 0.08922043511032356           
    LDLJAcc: -8.596746424902454   | -1.5035267402981605           
    CVStrT: 2.5016415997983845    | -0.168589656235624            
    CVdsT: 4.541871072239427      | 0.5271811053483356            
    P1_aCC: 0.832501502139356     | 0.16211203747481817           
    P2_aCC: 0.7253155776310577    | -0.9905214415600703           
    ML_RMS: 1.420774908822634     | -0.4096449102201157           
    P1P2: 0.8870286270066223      | -2.016813649572963            
    MSwTR: 0.9793233082706766     | 0.5053274509098243            
    AP_iHR: 97.6061353505521      | 0.9960424665572241            
    ML_iHR: 94.198624274238       | -0.22046365204309798          
    CC_iHR: 96.95769058057932     | 1.611315924174104             
    dstT: 18.828279592721177      | 1.2577665235085915            
    
