
    Values                        | Z-Scores
    ------------------------------+------------------------------
    V: 0.19336749492410324        | -5.242647273244735            
    StrT: 3.026666666666667       | -20.724044407947478           
    UTurn: 19.9                   | -22.967742238064886           
    SteL: 0.29850746268656714     | -4.934285540185161            
    SPARC: -5.73357856946212      | -1.7291723400838779           
    LDLJAcc: -9.883820234171488   | -5.164436191275562            
    CVStrT: 7.8075855654346045    | -5.660951203335202            
    CVdsT: 6.585550759114123      | -0.4617427193052919           
    P1_aCC: 0.44225591810930565   | -3.852806923422646            
    P2_aCC: 0.44225591810930565   | -3.8989803197743718           
    ML_RMS: 0.6099418326879484    | 2.0276918218839444            
    P1P2: 1.0                     | 1.1521664699539236            
    MSwTR: 0.860155936018005      | -3.4769465845161713           
    AP_iHR: 68.94164887695852     | -12.452209665912825           
    ML_iHR: 75.01720952644898     | -6.40533786839416             
    CC_iHR: 52.92277006208224     | -5.35530792401674             
    dstT: 57.08881641654548       | -9.6798310628877              
    
